"report_date","previous_day_total_doses_administered","previous_day_at_least_one","previous_day_fully_vaccinated","total_doses_administered","total_individuals_at_least_one","total_doses_in_fully_vaccinated_individuals","total_individuals_fully_vaccinated"
2020-12-24,,,,10756,,,
2020-12-30,7847,,,18603,,,
2020-12-31,4899,,,23502,,,
2021-01-01,5385,,,28887,,,
2021-01-02,4304,,,33191,,,
2021-01-03,4360,,,37551,,,
2021-01-04,4868,,,42419,,,
2021-01-05,7611,,,50030,,,
2021-01-06,10350,,,60380,59950,860,430
2021-01-07,12251,11594,657,72631,71544,2173,1087
2021-01-08,14932,13992,940,87563,85536,4053,2027
2021-01-09,15700,14787,913,103263,100323,5880,2940
2021-01-10,9983,9981,2,113246,110304,5884,2942
2021-01-11,8859,8859,0,122105,119163,5884,2942
2021-01-12,11448,11367,81,133553,130530,6046,3023
2021-01-13,11231,9865,1366,144784,140395,8778,4389
2021-01-14,14237,11979,2258,159021,152374,13293,6647
2021-01-15,15609,13709,1900,174630,166083,17094,8547
2021-01-16,14460,13340,1120,189090,179423,19333,9667
2021-01-17,11007,9817,1190,200097,189240,21714,10857
2021-01-18,9691,9672,19,209788,198912,21752,10876
2021-01-19,14346,12417,1929,224134,211329,25609,12805
2021-01-20,13784,10408,3376,237918,221737,32361,16181
2021-01-21,15899,11967,3932,253817,233704,40225,20113
2021-01-22,11168,6635,4533,264985,240339,49292,24646
2021-01-23,11161,6853,4308,276146,247192,57907,28954
2021-01-24,4427,1940,2487,280573,249132,62881,31441
2021-01-25,5537,1350,4187,286110,250482,71256,35628
2021-01-26,9707,3692,6015,295817,254174,83285,41643
2021-01-27,9513,2926,6587,305330,257100,96459,48230
2021-01-28,11910,4854,7056,317240,261954,110571,55286
2021-01-29,10215,3822,6393,327455,265776,123357,61679
2021-01-30,9373,3265,6108,336828,269041,135574,67787
2021-01-31,2816,1754,1062,339644,270795,137698,68849
2021-02-01,2256,812,1444,341900,271607,140585,70293
2021-02-02,2715,951,1764,344615,272558,144113,72057
2021-02-03,3716,779,2937,348331,273337,149987,74994
2021-02-04,6724,741,5983,355055,274078,161954,80977
2021-02-05,7694,840,6854,362749,274918,175662,87831
2021-02-06,9917,1175,8742,372666,276093,193146,96573
2021-02-07,6518,1347,5171,379184,277440,203487,101744
2021-02-08,6987,2568,4419,386171,280008,212326,106163
2021-02-09,12462,3096,9366,398633,283104,231058,115529
2021-02-10,13486,3290,10196,412119,286394,251449,125725
2021-02-11,14717,3454,11263,426836,289848,273975,136988
2021-02-12,15605,1311,14294,442441,291159,302563,151282
2021-02-13,14506,1481,13025,456947,292640,328614,164307
2021-02-14,10679,343,10336,467626,292983,349286,174643
2021-02-15,7698,204,7494,475324,293187,364274,182137
2021-02-16,5053,256,4797,480377,293443,373867,186934
2021-02-17,9107,675,8432,489484,294118,390731,195366
2021-02-18,12383,1947,10436,501867,296065,411604,205802
2021-02-19,16967,5054,11913,518834,301119,435429,217715
2021-02-20,21295,9859,11436,540129,310978,458301,229151
2021-02-21,16404,9633,6771,556533,320611,471843,235922
2021-02-22,12922,8175,4747,569455,328786,481337,240669
2021-02-23,16252,9879,6373,585707,338665,494083,247042
2021-02-24,17141,12593,4548,602848,351258,503180,251590
2021-02-25,19112,15253,3859,621960,366511,510897,255449
2021-02-26,21805,19240,2565,643765,385751,516028,258014
2021-02-27,24339,21381,2958,668104,407132,521943,260972
2021-02-28,19167,18036,1131,687271,425168,524205,262103
2021-03-01,17424,16313,1111,704695,441481,526427,263214
2021-03-02,22326,20644,1682,727021,462125,529792,264896
2021-03-03,27398,25584,1814,754419,487709,533420,266710
2021-03-04,30409,29001,1408,784828,516710,536235,268118
2021-03-05,35886,34941,945,820714,551651,538126,269063
2021-03-06,39698,38136,1562,860412,589787,541250,270625
2021-03-07,30192,29010,1182,890604,618797,543614,271807
2021-03-08,21882,20013,1869,912486,638810,547352,273676
2021-03-09,31047,28530,2517,943533,667340,552385,276193
2021-03-10,35264,32253,3011,978797,699593,558407,279204
2021-03-11,40610,38100,2510,1019407,737693,563428,281714
2021-03-12,43503,42469,1034,1062910,780162,565495,282748
2021-03-13,53586,51648,1938,1116496,831810,569371,284686
2021-03-14,41859,40930,929,1158355,872740,571229,285615
2021-03-15,33198,31530,1668,1191553,904270,574566,287283
2021-03-16,51579,49944,1635,1243132,954214,577836,288918
2021-03-17,58202,56461,1741,1301334,1010675,581318,290659
2021-03-18,58119,56509,1610,1359453,1067184,584537,292269
2021-03-19,61146,58666,2480,1420599,1125850,589498,294749
2021-03-20,60283,57898,2385,1480882,1183748,594267,297134
2021-03-21,40823,39408,1415,1521705,1223156,597098,298549
2021-03-22,31335,30587,748,1553040,1253743,598594,299297
2021-03-23,50659,48913,1746,1603699,1302656,602086,301043
2021-03-24,72451,70830,1621,1676150,1373486,605328,302664
2021-03-25,79446,77724,1722,1755596,1451210,608771,304386
2021-03-26,82996,81009,1987,1838592,1532219,612746,306373
2021-03-27,77740,75812,1928,1916332,1608031,616602,308301
2021-03-28,64950,63966,984,1981282,1671997,618570,309285
2021-03-29,50453,48490,1963,2031735,1720487,622495,311248
2021-03-30,70645,68004,2641,2102380,1788491,627778,313889
2021-03-31,89873,87942,1931,2192253,1876433,631639,315820
2021-04-01,84060,82165,1895,2276313,1958598,635430,317715
2021-04-02,88183,85548,2635,2364496,2044146,640700,320350
2021-04-03,59567,58448,1119,2424063,2102594,642937,321469
2021-04-04,69125,68546,579,2493188,2171140,644095,322048
2021-04-05,52452,52303,149,2545640,2223443,644393,322197
2021-04-06,76199,75248,951,2621839,2298691,646295,323148
2021-04-07,104382,102747,1635,2726221,2401438,649566,324783
2021-04-08,108563,106986,1577,2834784,2508424,652719,326360
2021-04-09,105382,103144,2238,2940166,2611568,657719,328598
2021-04-10,104783,102399,2384,3044949,2713967,661963,330982
2021-04-11,94794,92626,2168,3139743,2806593,666299,333150
2021-04-12,74722,74453,269,3214465,2881046,666838,333419
2021-04-13,95692,93849,1843,3310157,2974895,670524,335262
2021-04-14,112817,110873,1944,3422974,3085768,674411,337206
2021-04-15,105430,103145,2285,3528404,3188913,678981,339491
2021-04-16,115634,113192,2442,3644038,3302105,683866,341933
2021-04-17,107278,104967,2311,3751316,3407072,688488,344244
2021-04-18,86565,85499,1066,3837881,3492571,690620,345310
2021-04-19,66897,66202,695,3904778,3558773,692010,346005
2021-04-20,90409,88817,1592,3995187,3647590,695194,347597
2021-04-21,136695,134896,1799,4131882,3782486,698791,349396
2021-04-22,134920,132962,1958,4266802,3915448,702707,351354
2021-04-23,133872,130018,3854,4400674,4045466,710416,355208
2021-04-24,126694,123126,3568,4527368,4168592,717552,358776
2021-04-25,99535,97957,1578,4626903,4266549,720708,360354
2021-04-26,69308,68496,812,4696211,4335045,722332,361166
2021-04-27,94819,93422,1397,4791030,4428467,725126,362563
2021-04-28,116173,113570,2603,4907203,4542037,730332,365166
2021-04-29,120567,117330,3237,5027770,4659367,736806,368403
2021-04-30,112214,109507,2707,5139984,4768874,742220,371110
2021-05-01,107700,105251,2449,5247684,4874125,747118,373559
2021-05-02,76685,74964,1721,5324369,4949089,750560,375280
2021-05-03,53880,53255,625,5378249,5002344,751810,375905
2021-05-04,88871,86691,2180,5467120,5089035,756170,378085
2021-05-05,132603,129565,3038,5599723,5218600,762246,381123
2021-05-06,141038,137572,3466,5740761,5356172,769178,384589
2021-05-07,144724,141829,2895,5885485,5498001,774968,387484
2021-05-08,138125,134619,3506,6023610,5632620,781980,390990
2021-05-09,121075,119230,1845,6144685,5751850,785670,392835
2021-05-10,94093,93044,1049,6238778,5844894,787768,393884
2021-05-11,112103,109200,2903,6350881,5954094,793574,396787
2021-05-12,140785,135314,5471,6491666,6089408,804516,402258
2021-05-13,137697,132355,5342,6629363,6221763,815200,407600
2021-05-14,141765,133834,7931,6771128,6355597,831062,415531
2021-05-15,154104,146675,7429,6925232,6502272,845920,422960
2021-05-16,139583,132907,6676,7064815,6635179,859272,429636
2021-05-17,112330,109206,3124,7177145,6744385,865520,432760
2021-05-18,109032,99690,9342,7286177,6844075,884204,442102
2021-05-19,145461,130779,14682,7431638,6974854,913568,456784
2021-05-20,144986,128011,16975,7576624,7102865,947518,473759
2021-05-21,158524,136526,21998,7735148,7239391,991514,495757
2021-05-22,190129,165905,24224,7925277,7405296,1039962,519981
2021-05-23,140330,128708,11622,8065607,7534004,1063206,531603
2021-05-24,99108,92741,6367,8164715,7626745,1075940,537970
2021-05-25,86927,80609,6318,8251642,7707354,1088576,544288
2021-05-26,135308,110279,25029,8386950,7817633,1138634,569317
2021-05-27,143748,118211,25537,8530698,7935844,1189708,594854
2021-05-28,159775,129709,30066,8690473,8065553,1249840,624920
2021-05-29,148972,114753,34219,8839445,8180306,1318278,659139
2021-05-30,144833,116078,28755,8984278,8296384,1375788,687894
2021-05-31,97747,78809,18938,9082025,8375193,1413664,706832
2021-06-01,120195,87305,32890,9202220,8462498,1479444,739722
2021-06-02,139901,98460,41441,9342121,8560958,1562326,781163
2021-06-03,150884,97066,53818,9493005,8658024,1669962,834981
2021-06-04,168322,107238,61084,9661327,8765262,1792130,896065
2021-06-05,172855,105663,67192,9834182,8870925,1926514,963257
2021-06-06,158393,90130,68263,9992575,8961055,2063040,1031520
2021-06-07,116829,61544,55285,10109404,9022599,2173610,1086805
2021-06-08,158209,70684,87525,10267613,9093283,2348660,1174330
2021-06-09,177506,69160,108346,10445119,9162443,2565352,1282676
2021-06-10,182350,65250,117100,10627469,9227693,2799552,1399776
2021-06-11,199951,65985,133966,10827420,9293678,3067484,1533742
2021-06-12,195032,61013,134019,11022452,9354691,3335522,1667761
2021-06-13,186415,57394,129021,11208867,9412085,3593564,1796782
2021-06-14,135574,38036,97538,11344441,9450121,3788640,1894320
2021-06-15,184989,41558,143431,11529430,9491679,4075502,2037751
2021-06-16,202984,42020,160964,11732414,9533699,4397430,2198715
2021-06-17,210611,38291,172320,11943025,9571990,4742070,2371035
2021-06-18,210638,34432,176206,12153663,9606422,5094482,2547241
2021-06-19,213236,35175,178061,12366899,9641597,5450604,2725302
2021-06-20,184251,35273,148978,12551150,9676870,5748560,2874280
2021-06-21,118625,20205,98420,12669775,9697075,5945400,2972700
2021-06-22,199535,26863,172672,12869310,9723938,6290744,3145372
2021-06-23,227318,28946,198372,13096628,9752884,6687488,3343744
2021-06-24,225188,26493,198695,13321816,9779377,7084878,3542439
2021-06-25,246393,27611,218782,13568209,9806988,7522442,3761221
2021-06-26,256260,29376,226884,13824469,9836364,7976210,3988105
2021-06-27,202672,27156,175516,14027141,9863520,8327242,4163621
2021-06-28,180369,19220,161149,14207510,9882740,8649540,4324770
2021-06-29,265231,26532,238699,14472741,9909272,9126938,4563469
2021-06-30,268397,23696,244701,14741138,9932968,9616340,4808170
2021-07-01,267687,24647,243040,15008825,9957615,10102420,5051210
2021-07-02,145674,10945,134729,15154499,9968560,10371878,5185939
2021-07-03,210504,18937,191567,15365003,9987497,10755012,5377506
2021-07-04,196068,18937,177131,15561071,10006434,11109274,5554637
2021-07-05,144795,11955,132840,15705866,10018389,11374954,5687477
2021-07-06,215719,19555,196164,15921585,10037944,11767282,5883641
2021-07-07,204594,18588,186006,16126179,10056532,12139294,6069647
2021-07-08,268884,25625,243259,16395063,10082157,12625812,6312906
2021-07-09,224864,21810,203054,16619927,10103967,13031920,6515960
2021-07-10,207507,20843,186664,16827434,10124810,13405248,6702624
2021-07-11,170537,17215,153322,16997971,10142025,13711892,6855946
2021-07-12,121653,11326,110327,17119624,10153351,13932546,6966273
2021-07-13,176834,19100,157734,17296458,10172451,14248014,7124007
2021-07-14,179197,19676,159521,17475655,10192127,14567056,7283528
2021-07-15,166201,19803,146398,17641856,10211930,14859852,7429926
2021-07-16,168616,20426,148190,17810472,10232356,15156232,7578116
2021-07-17,169103,20390,148713,17979575,10252746,15453658,7726829
2021-07-18,134654,15792,118862,18114229,10268538,15691382,7845691
2021-07-19,91320,10306,81014,18205549,10278844,15853410,7926705
2021-07-20,132963,17426,115537,18338512,10296270,16084484,8042242
2021-07-21,140491,17486,123005,18479003,10313756,16330494,8165247
2021-07-22,125166,17928,107238,18604169,10331684,16544970,8272485
2021-07-23,120231,17583,102648,18724400,10349267,16750266,8375133
2021-07-24,124261,18633,105628,18848661,10367900,16961522,8480761
2021-07-25,103812,14821,88991,18952473,10382721,17139504,8569752
2021-07-26,65920,9740,56180,19018393,10392461,17251864,8625932
2021-07-27,92035,15856,76179,19110428,10408317,17404222,8702111
2021-07-28,94116,16768,77348,19204544,10425085,17558918,8779459
2021-07-29,89157,16859,72298,19293701,10441944,17703514,8851757
2021-07-30,83907,16302,67605,19377608,10458246,17838724,8919362
2021-07-31,81590,15314,66276,19459198,10473560,17971276,8985638
2021-08-01,60583,10886,49697,19519781,10484446,18070670,9035335
2021-08-02,41121,6884,34237,19560902,10491330,18139144,9069572
2021-08-03,31015,5193,25822,19591917,10496523,18190788,9095394
2021-08-04,60094,12086,48008,19652011,10508609,18286804,9143402
2021-08-05,58213,12080,46133,19710224,10520689,18379070,9189535
2021-08-06,53975,11745,42230,19764199,10532434,18463530,9231765
2021-08-07,61041,12108,48933,19825240,10544542,18561396,9280698
2021-08-08,46970,8715,38255,19872210,10553257,18637906,9318953
2021-08-09,29949,5642,24307,19902159,10558899,18686520,9343260
2021-08-10,48278,10416,37862,19950437,10569315,18762244,9381122
2021-08-11,48307,10797,37510,19998744,10580112,18837264,9418632
2021-08-12,49167,11136,38031,20047911,10591248,18913326,9456663
2021-08-13,48682,11619,37063,20096593,10602867,18987452,9493726
2021-08-14,50343,11964,38379,20146936,10614831,19064210,9532105
2021-08-15,40907,9592,31315,20187843,10624423,19126840,9563420
2021-08-16,26033,5947,20086,20213876,10630370,19167012,9583506
2021-08-17,40626,11267,29359,20254502,10641637,19225730,9612865
2021-08-18,41016,11895,29121,20295518,10653532,19283972,9641986
2021-08-19,45545,16610,28935,20341063,10670142,19341842,9670921
2021-08-20,45748,16384,29364,20386811,10686526,19400570,9700285
2021-08-21,46629,14988,31641,20433440,10701514,19463852,9731926
2021-08-22,33535,10724,22811,20466975,10712238,19509474,9754737
2021-08-23,22589,6937,15652,20489564,10719175,19540778,9770389
2021-08-24,36655,13230,23425,20526219,10732405,19587628,9793814
2021-08-25,40254,14391,25863,20566473,10746796,19639354,9819677
2021-08-26,38932,13950,24982,20605405,10760746,19689318,9844659
2021-08-27,36195,12934,23261,20641600,10773680,19735840,9867920
2021-08-28,37716,13171,24545,20679316,10786851,19784930,9892465
2021-08-29,29695,10246,19449,20709011,10797097,19823828,9911914
2021-08-30,17767,6075,11692,20726778,10803172,19847212,9923606
2021-08-31,31176,11948,19228,20757954,10815120,19885668,9942834
2021-09-01,34703,13201,21502,20792657,10828321,19928672,9964336
2021-09-02,35152,15692,19460,20827809,10844013,19967592,9983796
2021-09-03,43855,21284,22571,20871664,10865297,20012734,10006367
2021-09-04,45886,21250,24636,20917550,10886547,20062006,10031003
2021-09-05,32450,14361,18089,20950000,10900908,20098184,10049092
2021-09-06,21325,9643,11682,20971325,10910551,20121548,10060774
2021-09-07,14391,6658,7733,20985716,10917209,20137014,10068507
2021-09-08,38174,17447,20727,21023890,10934656,20178468,10089234
2021-09-09,38391,18043,20348,21062281,10952699,20219164,10109582
2021-09-10,35844,16477,19367,21098125,10969176,20257898,10128949
2021-09-11,40220,16532,23688,21138345,10985708,20305274,10152637
2021-09-12,29182,11733,17449,21167527,10997441,20340172,10170086
2021-09-13,15842,6616,9226,21183369,11004057,20358624,10179312
2021-09-14,28657,12538,16119,21212026,11016595,20390862,10195431
2021-09-15,35691,15171,20520,21247717,11031766,20431902,10215951
2021-09-16,35463,15271,20192,21283180,11047037,20472286,10236143
2021-09-17,35285,14865,20420,21318465,11061902,20513126,10256563
2021-09-18,39210,15203,24007,21357675,11077105,20561140,10280570
2021-09-19,29975,11100,18875,21387650,11088205,20598890,10299445
2021-09-20,16712,6444,10268,21404362,11094649,20619426,10309713
2021-09-21,30072,12593,17479,21434434,11107242,20654384,10327192
2021-09-22,40596,16477,24119,21475030,11123719,20702622,10351311
2021-09-23,44754,17685,27069,21519784,11141404,20756760,10378380
2021-09-24,46550,18056,28494,21566334,11159460,20813748,10406874
2021-09-25,47871,17194,30677,21614205,11176654,20875102,10437551
2021-09-26,37645,13412,24233,21651850,11190066,20923568,10461784
2021-09-27,20454,7401,13053,21672304,11197467,20949674,10474837
2021-09-28,31855,12970,18885,21704159,11210437,20987444,10493722
2021-09-29,38297,14916,23381,21742456,11225353,21034206,10517103
2021-09-30,37553,14477,23076,21780009,11239830,21080358,10540179
2021-10-01,29704,10920,18784,21809713,11250750,21117926,10558963
2021-10-02,37333,12729,24604,21847046,11263479,21167134,10583567
2021-10-03,23884,7994,15890,21870930,11271473,21198914,10599457
2021-10-04,19255,6332,12923,21890185,11277805,21224760,10612380
2021-10-05,26472,9720,16752,21916657,11287525,21258264,10629132
2021-10-06,32296,12075,20221,21948953,11299600,21298706,10649353
2021-10-07,25240,9514,15726,21974193,11309114,21330158,10665079
2021-10-08,30575,11298,19277,22004768,11320412,21368712,10684356
2021-10-09,37715,14363,23352,22042483,11334775,21415416,10707708
2021-10-10,29247,10281,18966,22071730,11345056,21453348,10726674
2021-10-11,12213,4324,7889,22083943,11349380,21469126,10734563
2021-10-12,5512,2023,3489,22089455,11351403,21476104,10738052
2021-10-13,29857,10974,18883,22119312,11362377,21513870,10756935
2021-10-14,28756,10346,18410,22148068,11372723,21550690,10775345
2021-10-15,29762,10338,19424,22177830,11383061,21589538,10794769
2021-10-16,30369,10030,20339,22208199,11393091,21630216,10815108
2021-10-17,23011,7712,15299,22231210,11400803,21660814,10830407
2021-10-18,12399,4056,8343,22243609,11404859,21677500,10838750
2021-10-19,21310,7551,13759,22264919,11412410,21705018,10852509
2021-10-20,25284,9113,16171,22290203,11421523,21737360,10868680
2021-10-21,22689,8148,14541,22312892,11429671,21766442,10883221
2021-10-22,25770,8962,16808,22338662,11438633,21800058,10900029
2021-10-23,27243,9041,18202,22365905,11447674,21836462,10918231
2021-10-24,19285,6471,12814,22385190,11454145,21862090,10931045
2021-10-25,9697,3037,6660,22394887,11457182,21875410,10937705
2021-10-26,18428,6459,11969,22413315,11463641,21899348,10949674
2021-10-27,21761,7388,14373,22435076,11471029,21928094,10964047
2021-10-28,20408,6883,13525,22455484,11477912,21955144,10977572
2021-10-29,21170,7012,14158,22476654,11484924,21983460,10991730
2021-10-30,22323,7031,15292,22498977,11491955,22014044,11007022
2021-10-31,15740,4995,10745,22514717,11496950,22035534,11017767
2021-11-01,7427,2335,5092,22522144,11499285,22045718,11022859
2021-11-02,13774,5111,8663,22535918,11504396,22063044,11031522
2021-11-03,16933,6157,10776,22552851,11510553,22084596,11042298
2021-11-04,16588,5850,10738,22569439,11516403,22106072,11053036
2021-11-05,15901,5442,10459,22585340,11521845,22126990,11063495
